Cx
2
3
14
20
7 1 2 3 4 5 6 7
7 8 9 10 11 12 13 14
3 1 2 3
5 1 2 3 4 5
4 1 2 3 4
0.15 0.180278 0.1 
1.38654 1.34629 1.30384 
0.15 1.38654 
0.180278 1.34629 
0.1 1.30384 
1
3 0.166667 0.166667 0.166667
5 0.166667 0.166667 0.166667 0.166667 0.166667
4 0.166667 0.166667 0.166667 0.166667
2
3 0.166667 0.166667 0.166667
5 0.166667 0.166667 0.166667 0.166667 0.166667
4 0.166667 0.166667 0.166667 0.166667
3
3 0.166667 0.166667 0.166667
5 0.166667 0.166667 0.166667 0.166667 0.166667
4 0.166667 0.166667 0.166667 0.166667
4
3 0.166667 0.166667 0.166667
5 0.166667 0.166667 0.166667 0.166667 0.166667
4 0.166667 0.166667 0.166667 0.166667
5
3 0.166667 0.166667 0.166667
5 0.166667 0.166667 0.166667 0.166667 0.166667
4 0.166667 0.166667 0.166667 0.166667
6
3 0.166667 0.166667 0.166667
5 0.166667 0.166667 0.166667 0.166667 0.166667
4 0.166667 0.166667 0.166667 0.166667
7
3 0.166667 0.166667 0.166667
5 0.166667 0.166667 0.166667 0.166667 0.166667
4 0.166667 0.166667 0.166667 0.166667
8
3 0.166667 0.166667 0.166667
5 0.166667 0.166667 0.166667 0.166667 0.166667
4 0.166667 0.166667 0.166667 0.166667
9
3 0.166667 0.166667 0.166667
5 0.166667 0.166667 0.166667 0.166667 0.166667
4 0.166667 0.166667 0.166667 0.166667
10
3 0.166667 0.166667 0.166667
5 0.166667 0.166667 0.166667 0.166667 0.166667
4 0.166667 0.166667 0.166667 0.166667
11
3 0.166667 0.166667 0.166667
5 0.166667 0.166667 0.166667 0.166667 0.166667
4 0.166667 0.166667 0.166667 0.166667
12
3 0.166667 0.166667 0.166667
5 0.166667 0.166667 0.166667 0.166667 0.166667
4 0.166667 0.166667 0.166667 0.166667
13
3 0.166667 0.166667 0.166667
5 0.166667 0.166667 0.166667 0.166667 0.166667
4 0.166667 0.166667 0.166667 0.166667
14
3 0.166667 0.166667 0.166667
5 0.166667 0.166667 0.166667 0.166667 0.166667
4 0.166667 0.166667 0.166667 0.166667
0.166667 0.166667 0.166667 
1
0.383333 0.413611 0.333333 
0.413611 0.443888 0.363611 
0.333333 0.363611 0.283333 
2
0.383333 0.413611 0.333333 
0.413611 0.443888 0.363611 
0.333333 0.363611 0.283333 
3
0.383333 0.413611 0.333333 
0.413611 0.443888 0.363611 
0.333333 0.363611 0.283333 
4
0.383333 0.413611 0.333333 
0.413611 0.443888 0.363611 
0.333333 0.363611 0.283333 
5
0.383333 0.413611 0.333333 
0.413611 0.443888 0.363611 
0.333333 0.363611 0.283333 
6
0.383333 0.413611 0.333333 
0.413611 0.443888 0.363611 
0.333333 0.363611 0.283333 
7
0.383333 0.413611 0.333333 
0.413611 0.443888 0.363611 
0.333333 0.363611 0.283333 
8
2.85642 2.81617 2.77372 
2.81617 2.77592 2.73347 
2.77372 2.73347 2.69101 
9
2.85642 2.81617 2.77372 
2.81617 2.77592 2.73347 
2.77372 2.73347 2.69101 
10
2.85642 2.81617 2.77372 
2.81617 2.77592 2.73347 
2.77372 2.73347 2.69101 
11
2.85642 2.81617 2.77372 
2.81617 2.77592 2.73347 
2.77372 2.73347 2.69101 
12
2.85642 2.81617 2.77372 
2.81617 2.77592 2.73347 
2.77372 2.73347 2.69101 
13
2.85642 2.81617 2.77372 
2.81617 2.77592 2.73347 
2.77372 2.73347 2.69101 
14
2.85642 2.81617 2.77372 
2.81617 2.77592 2.73347 
2.77372 2.73347 2.69101 
8 8.5 8 
8.5 10 8.5 
7 7 
18 18 
