C101
2
17
20
20
10 1 2 3 4 5 6 7 8 9 10
10 11 12 13 14 15 16 17 18 19 20
3 1 2 3
5 1 2 3 4 5
4 1 2 3 4
2 1 2
4 1 2 3 4
1 1
1 1
2 1 2
5 1 2 3 4 5
4 1 2 3 4
3 1 2 3
2 1 2
5 1 2 3 4 5
1 1
1 1
4 1 2 3 4
3 1 2 3
0.15 0.180278 0.1 0.15 0.111803 0.141421 0.2 0.223607 0.364005 0.353553 1.20208 1.05948 1.31244 1.39014 1.25 1.39463 1.47733 
1.38654 1.34629 1.30384 1.33135 1.14127 1.22066 1.08167 1.02956 1.02591 0.930054 0.353553 0.269258 0.269258 0.25 0.269258 0.353553 0.25 
0.15 1.38654 
0.180278 1.34629 
0.1 1.30384 
0.15 1.33135 
0.111803 1.14127 
0.141421 1.22066 
0.2 1.08167 
0.223607 1.02956 
0.364005 1.02591 
0.353553 0.930054 
1.20208 0.353553 
1.05948 0.269258 
1.31244 0.269258 
1.39014 0.25 
1.25 0.269258 
1.39463 0.353553 
1.47733 0.25 
1
3 0.166667 0.166667 0.166667
5 0.166667 0.166667 0.166667 0.166667 0.166667
4 0.166667 0.166667 0.166667 0.166667
2 0.166667 0.166667
4 0.166667 0.166667 0.166667 0.166667
1 0.166667
1 0.166667
2 0.166667 0.166667
5 0.166667 0.166667 0.166667 0.166667 0.166667
4 0.166667 0.166667 0.166667 0.166667
3 0.166667 0.166667 0.166667
2 0.166667 0.166667
5 0.166667 0.166667 0.166667 0.166667 0.166667
1 0.166667
1 0.166667
4 0.166667 0.166667 0.166667 0.166667
3 0.166667 0.166667 0.166667
2
3 0.166667 0.166667 0.166667
5 0.166667 0.166667 0.166667 0.166667 0.166667
4 0.166667 0.166667 0.166667 0.166667
2 0.166667 0.166667
4 0.166667 0.166667 0.166667 0.166667
1 0.166667
1 0.166667
2 0.166667 0.166667
5 0.166667 0.166667 0.166667 0.166667 0.166667
4 0.166667 0.166667 0.166667 0.166667
3 0.166667 0.166667 0.166667
2 0.166667 0.166667
5 0.166667 0.166667 0.166667 0.166667 0.166667
1 0.166667
1 0.166667
4 0.166667 0.166667 0.166667 0.166667
3 0.166667 0.166667 0.166667
3
3 0.166667 0.166667 0.166667
5 0.166667 0.166667 0.166667 0.166667 0.166667
4 0.166667 0.166667 0.166667 0.166667
2 0.166667 0.166667
4 0.166667 0.166667 0.166667 0.166667
1 0.166667
1 0.166667
2 0.166667 0.166667
5 0.166667 0.166667 0.166667 0.166667 0.166667
4 0.166667 0.166667 0.166667 0.166667
3 0.166667 0.166667 0.166667
2 0.166667 0.166667
5 0.166667 0.166667 0.166667 0.166667 0.166667
1 0.166667
1 0.166667
4 0.166667 0.166667 0.166667 0.166667
3 0.166667 0.166667 0.166667
4
3 0.166667 0.166667 0.166667
5 0.166667 0.166667 0.166667 0.166667 0.166667
4 0.166667 0.166667 0.166667 0.166667
2 0.166667 0.166667
4 0.166667 0.166667 0.166667 0.166667
1 0.166667
1 0.166667
2 0.166667 0.166667
5 0.166667 0.166667 0.166667 0.166667 0.166667
4 0.166667 0.166667 0.166667 0.166667
3 0.166667 0.166667 0.166667
2 0.166667 0.166667
5 0.166667 0.166667 0.166667 0.166667 0.166667
1 0.166667
1 0.166667
4 0.166667 0.166667 0.166667 0.166667
3 0.166667 0.166667 0.166667
5
3 0.166667 0.166667 0.166667
5 0.166667 0.166667 0.166667 0.166667 0.166667
4 0.166667 0.166667 0.166667 0.166667
2 0.166667 0.166667
4 0.166667 0.166667 0.166667 0.166667
1 0.166667
1 0.166667
2 0.166667 0.166667
5 0.166667 0.166667 0.166667 0.166667 0.166667
4 0.166667 0.166667 0.166667 0.166667
3 0.166667 0.166667 0.166667
2 0.166667 0.166667
5 0.166667 0.166667 0.166667 0.166667 0.166667
1 0.166667
1 0.166667
4 0.166667 0.166667 0.166667 0.166667
3 0.166667 0.166667 0.166667
6
3 0.166667 0.166667 0.166667
5 0.166667 0.166667 0.166667 0.166667 0.166667
4 0.166667 0.166667 0.166667 0.166667
2 0.166667 0.166667
4 0.166667 0.166667 0.166667 0.166667
1 0.166667
1 0.166667
2 0.166667 0.166667
5 0.166667 0.166667 0.166667 0.166667 0.166667
4 0.166667 0.166667 0.166667 0.166667
3 0.166667 0.166667 0.166667
2 0.166667 0.166667
5 0.166667 0.166667 0.166667 0.166667 0.166667
1 0.166667
1 0.166667
4 0.166667 0.166667 0.166667 0.166667
3 0.166667 0.166667 0.166667
7
3 0.166667 0.166667 0.166667
5 0.166667 0.166667 0.166667 0.166667 0.166667
4 0.166667 0.166667 0.166667 0.166667
2 0.166667 0.166667
4 0.166667 0.166667 0.166667 0.166667
1 0.166667
1 0.166667
2 0.166667 0.166667
5 0.166667 0.166667 0.166667 0.166667 0.166667
4 0.166667 0.166667 0.166667 0.166667
3 0.166667 0.166667 0.166667
2 0.166667 0.166667
5 0.166667 0.166667 0.166667 0.166667 0.166667
1 0.166667
1 0.166667
4 0.166667 0.166667 0.166667 0.166667
3 0.166667 0.166667 0.166667
8
3 0.166667 0.166667 0.166667
5 0.166667 0.166667 0.166667 0.166667 0.166667
4 0.166667 0.166667 0.166667 0.166667
2 0.166667 0.166667
4 0.166667 0.166667 0.166667 0.166667
1 0.166667
1 0.166667
2 0.166667 0.166667
5 0.166667 0.166667 0.166667 0.166667 0.166667
4 0.166667 0.166667 0.166667 0.166667
3 0.166667 0.166667 0.166667
2 0.166667 0.166667
5 0.166667 0.166667 0.166667 0.166667 0.166667
1 0.166667
1 0.166667
4 0.166667 0.166667 0.166667 0.166667
3 0.166667 0.166667 0.166667
9
3 0.166667 0.166667 0.166667
5 0.166667 0.166667 0.166667 0.166667 0.166667
4 0.166667 0.166667 0.166667 0.166667
2 0.166667 0.166667
4 0.166667 0.166667 0.166667 0.166667
1 0.166667
1 0.166667
2 0.166667 0.166667
5 0.166667 0.166667 0.166667 0.166667 0.166667
4 0.166667 0.166667 0.166667 0.166667
3 0.166667 0.166667 0.166667
2 0.166667 0.166667
5 0.166667 0.166667 0.166667 0.166667 0.166667
1 0.166667
1 0.166667
4 0.166667 0.166667 0.166667 0.166667
3 0.166667 0.166667 0.166667
10
3 0.166667 0.166667 0.166667
5 0.166667 0.166667 0.166667 0.166667 0.166667
4 0.166667 0.166667 0.166667 0.166667
2 0.166667 0.166667
4 0.166667 0.166667 0.166667 0.166667
1 0.166667
1 0.166667
2 0.166667 0.166667
5 0.166667 0.166667 0.166667 0.166667 0.166667
4 0.166667 0.166667 0.166667 0.166667
3 0.166667 0.166667 0.166667
2 0.166667 0.166667
5 0.166667 0.166667 0.166667 0.166667 0.166667
1 0.166667
1 0.166667
4 0.166667 0.166667 0.166667 0.166667
3 0.166667 0.166667 0.166667
11
3 0.166667 0.166667 0.166667
5 0.166667 0.166667 0.166667 0.166667 0.166667
4 0.166667 0.166667 0.166667 0.166667
2 0.166667 0.166667
4 0.166667 0.166667 0.166667 0.166667
1 0.166667
1 0.166667
2 0.166667 0.166667
5 0.166667 0.166667 0.166667 0.166667 0.166667
4 0.166667 0.166667 0.166667 0.166667
3 0.166667 0.166667 0.166667
2 0.166667 0.166667
5 0.166667 0.166667 0.166667 0.166667 0.166667
1 0.166667
1 0.166667
4 0.166667 0.166667 0.166667 0.166667
3 0.166667 0.166667 0.166667
12
3 0.166667 0.166667 0.166667
5 0.166667 0.166667 0.166667 0.166667 0.166667
4 0.166667 0.166667 0.166667 0.166667
2 0.166667 0.166667
4 0.166667 0.166667 0.166667 0.166667
1 0.166667
1 0.166667
2 0.166667 0.166667
5 0.166667 0.166667 0.166667 0.166667 0.166667
4 0.166667 0.166667 0.166667 0.166667
3 0.166667 0.166667 0.166667
2 0.166667 0.166667
5 0.166667 0.166667 0.166667 0.166667 0.166667
1 0.166667
1 0.166667
4 0.166667 0.166667 0.166667 0.166667
3 0.166667 0.166667 0.166667
13
3 0.166667 0.166667 0.166667
5 0.166667 0.166667 0.166667 0.166667 0.166667
4 0.166667 0.166667 0.166667 0.166667
2 0.166667 0.166667
4 0.166667 0.166667 0.166667 0.166667
1 0.166667
1 0.166667
2 0.166667 0.166667
5 0.166667 0.166667 0.166667 0.166667 0.166667
4 0.166667 0.166667 0.166667 0.166667
3 0.166667 0.166667 0.166667
2 0.166667 0.166667
5 0.166667 0.166667 0.166667 0.166667 0.166667
1 0.166667
1 0.166667
4 0.166667 0.166667 0.166667 0.166667
3 0.166667 0.166667 0.166667
14
3 0.166667 0.166667 0.166667
5 0.166667 0.166667 0.166667 0.166667 0.166667
4 0.166667 0.166667 0.166667 0.166667
2 0.166667 0.166667
4 0.166667 0.166667 0.166667 0.166667
1 0.166667
1 0.166667
2 0.166667 0.166667
5 0.166667 0.166667 0.166667 0.166667 0.166667
4 0.166667 0.166667 0.166667 0.166667
3 0.166667 0.166667 0.166667
2 0.166667 0.166667
5 0.166667 0.166667 0.166667 0.166667 0.166667
1 0.166667
1 0.166667
4 0.166667 0.166667 0.166667 0.166667
3 0.166667 0.166667 0.166667
15
3 0.166667 0.166667 0.166667
5 0.166667 0.166667 0.166667 0.166667 0.166667
4 0.166667 0.166667 0.166667 0.166667
2 0.166667 0.166667
4 0.166667 0.166667 0.166667 0.166667
1 0.166667
1 0.166667
2 0.166667 0.166667
5 0.166667 0.166667 0.166667 0.166667 0.166667
4 0.166667 0.166667 0.166667 0.166667
3 0.166667 0.166667 0.166667
2 0.166667 0.166667
5 0.166667 0.166667 0.166667 0.166667 0.166667
1 0.166667
1 0.166667
4 0.166667 0.166667 0.166667 0.166667
3 0.166667 0.166667 0.166667
16
3 0.166667 0.166667 0.166667
5 0.166667 0.166667 0.166667 0.166667 0.166667
4 0.166667 0.166667 0.166667 0.166667
2 0.166667 0.166667
4 0.166667 0.166667 0.166667 0.166667
1 0.166667
1 0.166667
2 0.166667 0.166667
5 0.166667 0.166667 0.166667 0.166667 0.166667
4 0.166667 0.166667 0.166667 0.166667
3 0.166667 0.166667 0.166667
2 0.166667 0.166667
5 0.166667 0.166667 0.166667 0.166667 0.166667
1 0.166667
1 0.166667
4 0.166667 0.166667 0.166667 0.166667
3 0.166667 0.166667 0.166667
17
3 0.166667 0.166667 0.166667
5 0.166667 0.166667 0.166667 0.166667 0.166667
4 0.166667 0.166667 0.166667 0.166667
2 0.166667 0.166667
4 0.166667 0.166667 0.166667 0.166667
1 0.166667
1 0.166667
2 0.166667 0.166667
5 0.166667 0.166667 0.166667 0.166667 0.166667
4 0.166667 0.166667 0.166667 0.166667
3 0.166667 0.166667 0.166667
2 0.166667 0.166667
5 0.166667 0.166667 0.166667 0.166667 0.166667
1 0.166667
1 0.166667
4 0.166667 0.166667 0.166667 0.166667
3 0.166667 0.166667 0.166667
18
3 0.166667 0.166667 0.166667
5 0.166667 0.166667 0.166667 0.166667 0.166667
4 0.166667 0.166667 0.166667 0.166667
2 0.166667 0.166667
4 0.166667 0.166667 0.166667 0.166667
1 0.166667
1 0.166667
2 0.166667 0.166667
5 0.166667 0.166667 0.166667 0.166667 0.166667
4 0.166667 0.166667 0.166667 0.166667
3 0.166667 0.166667 0.166667
2 0.166667 0.166667
5 0.166667 0.166667 0.166667 0.166667 0.166667
1 0.166667
1 0.166667
4 0.166667 0.166667 0.166667 0.166667
3 0.166667 0.166667 0.166667
19
3 0.166667 0.166667 0.166667
5 0.166667 0.166667 0.166667 0.166667 0.166667
4 0.166667 0.166667 0.166667 0.166667
2 0.166667 0.166667
4 0.166667 0.166667 0.166667 0.166667
1 0.166667
1 0.166667
2 0.166667 0.166667
5 0.166667 0.166667 0.166667 0.166667 0.166667
4 0.166667 0.166667 0.166667 0.166667
3 0.166667 0.166667 0.166667
2 0.166667 0.166667
5 0.166667 0.166667 0.166667 0.166667 0.166667
1 0.166667
1 0.166667
4 0.166667 0.166667 0.166667 0.166667
3 0.166667 0.166667 0.166667
20
3 0.166667 0.166667 0.166667
5 0.166667 0.166667 0.166667 0.166667 0.166667
4 0.166667 0.166667 0.166667 0.166667
2 0.166667 0.166667
4 0.166667 0.166667 0.166667 0.166667
1 0.166667
1 0.166667
2 0.166667 0.166667
5 0.166667 0.166667 0.166667 0.166667 0.166667
4 0.166667 0.166667 0.166667 0.166667
3 0.166667 0.166667 0.166667
2 0.166667 0.166667
5 0.166667 0.166667 0.166667 0.166667 0.166667
1 0.166667
1 0.166667
4 0.166667 0.166667 0.166667 0.166667
3 0.166667 0.166667 0.166667
0.166667 0.166667 0.166667 0.166667 0.166667 0.166667 0.166667 0.166667 0.166667 0.166667 0.166667 0.166667 0.166667 0.166667 0.166667 0.166667 0.166667 
1
0.383333 0.413611 0.333333 0.383333 0.345137 0.374755 0.433333 0.45694 0.597339 0.586887 1.43541 1.29281 1.54577 1.62348 1.48333 1.62797 1.71066 
0.413611 0.443888 0.363611 0.413611 0.375414 0.405032 0.463611 0.487218 0.627616 0.617164 1.46569 1.32309 1.57605 1.65375 1.51361 1.65824 1.74094 
0.333333 0.363611 0.283333 0.333333 0.295137 0.324755 0.383333 0.40694 0.547339 0.536887 1.38541 1.24281 1.49577 1.57348 1.43333 1.57797 1.66066 
0.383333 0.413611 0.333333 0.383333 0.345137 0.374755 0.433333 0.45694 0.597339 0.586887 1.43541 1.29281 1.54577 1.62348 1.48333 1.62797 1.71066 
0.345137 0.375414 0.295137 0.345137 0.30694 0.336558 0.395137 0.418744 0.559142 0.54869 1.39722 1.25462 1.50758 1.58528 1.44514 1.58977 1.67247 
0.374755 0.405032 0.324755 0.374755 0.336558 0.366176 0.424755 0.448361 0.58876 0.578308 1.42684 1.28424 1.5372 1.6149 1.47475 1.61939 1.70208 
0.433333 0.463611 0.383333 0.433333 0.395137 0.424755 0.483333 0.50694 0.647339 0.636887 1.48541 1.34281 1.59577 1.67348 1.53333 1.67797 1.76066 
0.45694 0.487218 0.40694 0.45694 0.418744 0.448361 0.50694 0.530547 0.670946 0.660494 1.50902 1.36642 1.61938 1.69708 1.55694 1.70157 1.78427 
0.597339 0.627616 0.547339 0.597339 0.559142 0.58876 0.647339 0.670946 0.811344 0.800892 1.64942 1.50682 1.75978 1.83748 1.69734 1.84197 1.92467 
0.586887 0.617164 0.536887 0.586887 0.54869 0.578308 0.636887 0.660494 0.800892 0.79044 1.63897 1.49637 1.74933 1.82703 1.68689 1.83152 1.91422 
1.43541 1.46569 1.38541 1.43541 1.39722 1.42684 1.48541 1.50902 1.64942 1.63897 2.4875 2.3449 2.59786 2.67556 2.53541 2.68005 2.76274 
1.29281 1.32309 1.24281 1.29281 1.25462 1.28424 1.34281 1.36642 1.50682 1.49637 2.3449 2.2023 2.45525 2.53296 2.39281 2.53745 2.62014 
1.54577 1.57605 1.49577 1.54577 1.50758 1.5372 1.59577 1.61938 1.75978 1.74933 2.59786 2.45525 2.70821 2.78592 2.64577 2.79041 2.8731 
1.62348 1.65375 1.57348 1.62348 1.58528 1.6149 1.67348 1.69708 1.83748 1.82703 2.67556 2.53296 2.78592 2.86362 2.72348 2.86811 2.95081 
1.48333 1.51361 1.43333 1.48333 1.44514 1.47475 1.53333 1.55694 1.69734 1.68689 2.53541 2.39281 2.64577 2.72348 2.58333 2.72797 2.81066 
1.62797 1.65824 1.57797 1.62797 1.58977 1.61939 1.67797 1.70157 1.84197 1.83152 2.68005 2.53745 2.79041 2.86811 2.72797 2.8726 2.95529 
1.71066 1.74094 1.66066 1.71066 1.67247 1.70208 1.76066 1.78427 1.92467 1.91422 2.76274 2.62014 2.8731 2.95081 2.81066 2.95529 3.03799 
2
0.383333 0.413611 0.333333 0.383333 0.345137 0.374755 0.433333 0.45694 0.597339 0.586887 1.43541 1.29281 1.54577 1.62348 1.48333 1.62797 1.71066 
0.413611 0.443888 0.363611 0.413611 0.375414 0.405032 0.463611 0.487218 0.627616 0.617164 1.46569 1.32309 1.57605 1.65375 1.51361 1.65824 1.74094 
0.333333 0.363611 0.283333 0.333333 0.295137 0.324755 0.383333 0.40694 0.547339 0.536887 1.38541 1.24281 1.49577 1.57348 1.43333 1.57797 1.66066 
0.383333 0.413611 0.333333 0.383333 0.345137 0.374755 0.433333 0.45694 0.597339 0.586887 1.43541 1.29281 1.54577 1.62348 1.48333 1.62797 1.71066 
0.345137 0.375414 0.295137 0.345137 0.30694 0.336558 0.395137 0.418744 0.559142 0.54869 1.39722 1.25462 1.50758 1.58528 1.44514 1.58977 1.67247 
0.374755 0.405032 0.324755 0.374755 0.336558 0.366176 0.424755 0.448361 0.58876 0.578308 1.42684 1.28424 1.5372 1.6149 1.47475 1.61939 1.70208 
0.433333 0.463611 0.383333 0.433333 0.395137 0.424755 0.483333 0.50694 0.647339 0.636887 1.48541 1.34281 1.59577 1.67348 1.53333 1.67797 1.76066 
0.45694 0.487218 0.40694 0.45694 0.418744 0.448361 0.50694 0.530547 0.670946 0.660494 1.50902 1.36642 1.61938 1.69708 1.55694 1.70157 1.78427 
0.597339 0.627616 0.547339 0.597339 0.559142 0.58876 0.647339 0.670946 0.811344 0.800892 1.64942 1.50682 1.75978 1.83748 1.69734 1.84197 1.92467 
0.586887 0.617164 0.536887 0.586887 0.54869 0.578308 0.636887 0.660494 0.800892 0.79044 1.63897 1.49637 1.74933 1.82703 1.68689 1.83152 1.91422 
1.43541 1.46569 1.38541 1.43541 1.39722 1.42684 1.48541 1.50902 1.64942 1.63897 2.4875 2.3449 2.59786 2.67556 2.53541 2.68005 2.76274 
1.29281 1.32309 1.24281 1.29281 1.25462 1.28424 1.34281 1.36642 1.50682 1.49637 2.3449 2.2023 2.45525 2.53296 2.39281 2.53745 2.62014 
1.54577 1.57605 1.49577 1.54577 1.50758 1.5372 1.59577 1.61938 1.75978 1.74933 2.59786 2.45525 2.70821 2.78592 2.64577 2.79041 2.8731 
1.62348 1.65375 1.57348 1.62348 1.58528 1.6149 1.67348 1.69708 1.83748 1.82703 2.67556 2.53296 2.78592 2.86362 2.72348 2.86811 2.95081 
1.48333 1.51361 1.43333 1.48333 1.44514 1.47475 1.53333 1.55694 1.69734 1.68689 2.53541 2.39281 2.64577 2.72348 2.58333 2.72797 2.81066 
1.62797 1.65824 1.57797 1.62797 1.58977 1.61939 1.67797 1.70157 1.84197 1.83152 2.68005 2.53745 2.79041 2.86811 2.72797 2.8726 2.95529 
1.71066 1.74094 1.66066 1.71066 1.67247 1.70208 1.76066 1.78427 1.92467 1.91422 2.76274 2.62014 2.8731 2.95081 2.81066 2.95529 3.03799 
3
0.383333 0.413611 0.333333 0.383333 0.345137 0.374755 0.433333 0.45694 0.597339 0.586887 1.43541 1.29281 1.54577 1.62348 1.48333 1.62797 1.71066 
0.413611 0.443888 0.363611 0.413611 0.375414 0.405032 0.463611 0.487218 0.627616 0.617164 1.46569 1.32309 1.57605 1.65375 1.51361 1.65824 1.74094 
0.333333 0.363611 0.283333 0.333333 0.295137 0.324755 0.383333 0.40694 0.547339 0.536887 1.38541 1.24281 1.49577 1.57348 1.43333 1.57797 1.66066 
0.383333 0.413611 0.333333 0.383333 0.345137 0.374755 0.433333 0.45694 0.597339 0.586887 1.43541 1.29281 1.54577 1.62348 1.48333 1.62797 1.71066 
0.345137 0.375414 0.295137 0.345137 0.30694 0.336558 0.395137 0.418744 0.559142 0.54869 1.39722 1.25462 1.50758 1.58528 1.44514 1.58977 1.67247 
0.374755 0.405032 0.324755 0.374755 0.336558 0.366176 0.424755 0.448361 0.58876 0.578308 1.42684 1.28424 1.5372 1.6149 1.47475 1.61939 1.70208 
0.433333 0.463611 0.383333 0.433333 0.395137 0.424755 0.483333 0.50694 0.647339 0.636887 1.48541 1.34281 1.59577 1.67348 1.53333 1.67797 1.76066 
0.45694 0.487218 0.40694 0.45694 0.418744 0.448361 0.50694 0.530547 0.670946 0.660494 1.50902 1.36642 1.61938 1.69708 1.55694 1.70157 1.78427 
0.597339 0.627616 0.547339 0.597339 0.559142 0.58876 0.647339 0.670946 0.811344 0.800892 1.64942 1.50682 1.75978 1.83748 1.69734 1.84197 1.92467 
0.586887 0.617164 0.536887 0.586887 0.54869 0.578308 0.636887 0.660494 0.800892 0.79044 1.63897 1.49637 1.74933 1.82703 1.68689 1.83152 1.91422 
1.43541 1.46569 1.38541 1.43541 1.39722 1.42684 1.48541 1.50902 1.64942 1.63897 2.4875 2.3449 2.59786 2.67556 2.53541 2.68005 2.76274 
1.29281 1.32309 1.24281 1.29281 1.25462 1.28424 1.34281 1.36642 1.50682 1.49637 2.3449 2.2023 2.45525 2.53296 2.39281 2.53745 2.62014 
1.54577 1.57605 1.49577 1.54577 1.50758 1.5372 1.59577 1.61938 1.75978 1.74933 2.59786 2.45525 2.70821 2.78592 2.64577 2.79041 2.8731 
1.62348 1.65375 1.57348 1.62348 1.58528 1.6149 1.67348 1.69708 1.83748 1.82703 2.67556 2.53296 2.78592 2.86362 2.72348 2.86811 2.95081 
1.48333 1.51361 1.43333 1.48333 1.44514 1.47475 1.53333 1.55694 1.69734 1.68689 2.53541 2.39281 2.64577 2.72348 2.58333 2.72797 2.81066 
1.62797 1.65824 1.57797 1.62797 1.58977 1.61939 1.67797 1.70157 1.84197 1.83152 2.68005 2.53745 2.79041 2.86811 2.72797 2.8726 2.95529 
1.71066 1.74094 1.66066 1.71066 1.67247 1.70208 1.76066 1.78427 1.92467 1.91422 2.76274 2.62014 2.8731 2.95081 2.81066 2.95529 3.03799 
4
0.383333 0.413611 0.333333 0.383333 0.345137 0.374755 0.433333 0.45694 0.597339 0.586887 1.43541 1.29281 1.54577 1.62348 1.48333 1.62797 1.71066 
0.413611 0.443888 0.363611 0.413611 0.375414 0.405032 0.463611 0.487218 0.627616 0.617164 1.46569 1.32309 1.57605 1.65375 1.51361 1.65824 1.74094 
0.333333 0.363611 0.283333 0.333333 0.295137 0.324755 0.383333 0.40694 0.547339 0.536887 1.38541 1.24281 1.49577 1.57348 1.43333 1.57797 1.66066 
0.383333 0.413611 0.333333 0.383333 0.345137 0.374755 0.433333 0.45694 0.597339 0.586887 1.43541 1.29281 1.54577 1.62348 1.48333 1.62797 1.71066 
0.345137 0.375414 0.295137 0.345137 0.30694 0.336558 0.395137 0.418744 0.559142 0.54869 1.39722 1.25462 1.50758 1.58528 1.44514 1.58977 1.67247 
0.374755 0.405032 0.324755 0.374755 0.336558 0.366176 0.424755 0.448361 0.58876 0.578308 1.42684 1.28424 1.5372 1.6149 1.47475 1.61939 1.70208 
0.433333 0.463611 0.383333 0.433333 0.395137 0.424755 0.483333 0.50694 0.647339 0.636887 1.48541 1.34281 1.59577 1.67348 1.53333 1.67797 1.76066 
0.45694 0.487218 0.40694 0.45694 0.418744 0.448361 0.50694 0.530547 0.670946 0.660494 1.50902 1.36642 1.61938 1.69708 1.55694 1.70157 1.78427 
0.597339 0.627616 0.547339 0.597339 0.559142 0.58876 0.647339 0.670946 0.811344 0.800892 1.64942 1.50682 1.75978 1.83748 1.69734 1.84197 1.92467 
0.586887 0.617164 0.536887 0.586887 0.54869 0.578308 0.636887 0.660494 0.800892 0.79044 1.63897 1.49637 1.74933 1.82703 1.68689 1.83152 1.91422 
1.43541 1.46569 1.38541 1.43541 1.39722 1.42684 1.48541 1.50902 1.64942 1.63897 2.4875 2.3449 2.59786 2.67556 2.53541 2.68005 2.76274 
1.29281 1.32309 1.24281 1.29281 1.25462 1.28424 1.34281 1.36642 1.50682 1.49637 2.3449 2.2023 2.45525 2.53296 2.39281 2.53745 2.62014 
1.54577 1.57605 1.49577 1.54577 1.50758 1.5372 1.59577 1.61938 1.75978 1.74933 2.59786 2.45525 2.70821 2.78592 2.64577 2.79041 2.8731 
1.62348 1.65375 1.57348 1.62348 1.58528 1.6149 1.67348 1.69708 1.83748 1.82703 2.67556 2.53296 2.78592 2.86362 2.72348 2.86811 2.95081 
1.48333 1.51361 1.43333 1.48333 1.44514 1.47475 1.53333 1.55694 1.69734 1.68689 2.53541 2.39281 2.64577 2.72348 2.58333 2.72797 2.81066 
1.62797 1.65824 1.57797 1.62797 1.58977 1.61939 1.67797 1.70157 1.84197 1.83152 2.68005 2.53745 2.79041 2.86811 2.72797 2.8726 2.95529 
1.71066 1.74094 1.66066 1.71066 1.67247 1.70208 1.76066 1.78427 1.92467 1.91422 2.76274 2.62014 2.8731 2.95081 2.81066 2.95529 3.03799 
5
0.383333 0.413611 0.333333 0.383333 0.345137 0.374755 0.433333 0.45694 0.597339 0.586887 1.43541 1.29281 1.54577 1.62348 1.48333 1.62797 1.71066 
0.413611 0.443888 0.363611 0.413611 0.375414 0.405032 0.463611 0.487218 0.627616 0.617164 1.46569 1.32309 1.57605 1.65375 1.51361 1.65824 1.74094 
0.333333 0.363611 0.283333 0.333333 0.295137 0.324755 0.383333 0.40694 0.547339 0.536887 1.38541 1.24281 1.49577 1.57348 1.43333 1.57797 1.66066 
0.383333 0.413611 0.333333 0.383333 0.345137 0.374755 0.433333 0.45694 0.597339 0.586887 1.43541 1.29281 1.54577 1.62348 1.48333 1.62797 1.71066 
0.345137 0.375414 0.295137 0.345137 0.30694 0.336558 0.395137 0.418744 0.559142 0.54869 1.39722 1.25462 1.50758 1.58528 1.44514 1.58977 1.67247 
0.374755 0.405032 0.324755 0.374755 0.336558 0.366176 0.424755 0.448361 0.58876 0.578308 1.42684 1.28424 1.5372 1.6149 1.47475 1.61939 1.70208 
0.433333 0.463611 0.383333 0.433333 0.395137 0.424755 0.483333 0.50694 0.647339 0.636887 1.48541 1.34281 1.59577 1.67348 1.53333 1.67797 1.76066 
0.45694 0.487218 0.40694 0.45694 0.418744 0.448361 0.50694 0.530547 0.670946 0.660494 1.50902 1.36642 1.61938 1.69708 1.55694 1.70157 1.78427 
0.597339 0.627616 0.547339 0.597339 0.559142 0.58876 0.647339 0.670946 0.811344 0.800892 1.64942 1.50682 1.75978 1.83748 1.69734 1.84197 1.92467 
0.586887 0.617164 0.536887 0.586887 0.54869 0.578308 0.636887 0.660494 0.800892 0.79044 1.63897 1.49637 1.74933 1.82703 1.68689 1.83152 1.91422 
1.43541 1.46569 1.38541 1.43541 1.39722 1.42684 1.48541 1.50902 1.64942 1.63897 2.4875 2.3449 2.59786 2.67556 2.53541 2.68005 2.76274 
1.29281 1.32309 1.24281 1.29281 1.25462 1.28424 1.34281 1.36642 1.50682 1.49637 2.3449 2.2023 2.45525 2.53296 2.39281 2.53745 2.62014 
1.54577 1.57605 1.49577 1.54577 1.50758 1.5372 1.59577 1.61938 1.75978 1.74933 2.59786 2.45525 2.70821 2.78592 2.64577 2.79041 2.8731 
1.62348 1.65375 1.57348 1.62348 1.58528 1.6149 1.67348 1.69708 1.83748 1.82703 2.67556 2.53296 2.78592 2.86362 2.72348 2.86811 2.95081 
1.48333 1.51361 1.43333 1.48333 1.44514 1.47475 1.53333 1.55694 1.69734 1.68689 2.53541 2.39281 2.64577 2.72348 2.58333 2.72797 2.81066 
1.62797 1.65824 1.57797 1.62797 1.58977 1.61939 1.67797 1.70157 1.84197 1.83152 2.68005 2.53745 2.79041 2.86811 2.72797 2.8726 2.95529 
1.71066 1.74094 1.66066 1.71066 1.67247 1.70208 1.76066 1.78427 1.92467 1.91422 2.76274 2.62014 2.8731 2.95081 2.81066 2.95529 3.03799 
6
0.383333 0.413611 0.333333 0.383333 0.345137 0.374755 0.433333 0.45694 0.597339 0.586887 1.43541 1.29281 1.54577 1.62348 1.48333 1.62797 1.71066 
0.413611 0.443888 0.363611 0.413611 0.375414 0.405032 0.463611 0.487218 0.627616 0.617164 1.46569 1.32309 1.57605 1.65375 1.51361 1.65824 1.74094 
0.333333 0.363611 0.283333 0.333333 0.295137 0.324755 0.383333 0.40694 0.547339 0.536887 1.38541 1.24281 1.49577 1.57348 1.43333 1.57797 1.66066 
0.383333 0.413611 0.333333 0.383333 0.345137 0.374755 0.433333 0.45694 0.597339 0.586887 1.43541 1.29281 1.54577 1.62348 1.48333 1.62797 1.71066 
0.345137 0.375414 0.295137 0.345137 0.30694 0.336558 0.395137 0.418744 0.559142 0.54869 1.39722 1.25462 1.50758 1.58528 1.44514 1.58977 1.67247 
0.374755 0.405032 0.324755 0.374755 0.336558 0.366176 0.424755 0.448361 0.58876 0.578308 1.42684 1.28424 1.5372 1.6149 1.47475 1.61939 1.70208 
0.433333 0.463611 0.383333 0.433333 0.395137 0.424755 0.483333 0.50694 0.647339 0.636887 1.48541 1.34281 1.59577 1.67348 1.53333 1.67797 1.76066 
0.45694 0.487218 0.40694 0.45694 0.418744 0.448361 0.50694 0.530547 0.670946 0.660494 1.50902 1.36642 1.61938 1.69708 1.55694 1.70157 1.78427 
0.597339 0.627616 0.547339 0.597339 0.559142 0.58876 0.647339 0.670946 0.811344 0.800892 1.64942 1.50682 1.75978 1.83748 1.69734 1.84197 1.92467 
0.586887 0.617164 0.536887 0.586887 0.54869 0.578308 0.636887 0.660494 0.800892 0.79044 1.63897 1.49637 1.74933 1.82703 1.68689 1.83152 1.91422 
1.43541 1.46569 1.38541 1.43541 1.39722 1.42684 1.48541 1.50902 1.64942 1.63897 2.4875 2.3449 2.59786 2.67556 2.53541 2.68005 2.76274 
1.29281 1.32309 1.24281 1.29281 1.25462 1.28424 1.34281 1.36642 1.50682 1.49637 2.3449 2.2023 2.45525 2.53296 2.39281 2.53745 2.62014 
1.54577 1.57605 1.49577 1.54577 1.50758 1.5372 1.59577 1.61938 1.75978 1.74933 2.59786 2.45525 2.70821 2.78592 2.64577 2.79041 2.8731 
1.62348 1.65375 1.57348 1.62348 1.58528 1.6149 1.67348 1.69708 1.83748 1.82703 2.67556 2.53296 2.78592 2.86362 2.72348 2.86811 2.95081 
1.48333 1.51361 1.43333 1.48333 1.44514 1.47475 1.53333 1.55694 1.69734 1.68689 2.53541 2.39281 2.64577 2.72348 2.58333 2.72797 2.81066 
1.62797 1.65824 1.57797 1.62797 1.58977 1.61939 1.67797 1.70157 1.84197 1.83152 2.68005 2.53745 2.79041 2.86811 2.72797 2.8726 2.95529 
1.71066 1.74094 1.66066 1.71066 1.67247 1.70208 1.76066 1.78427 1.92467 1.91422 2.76274 2.62014 2.8731 2.95081 2.81066 2.95529 3.03799 
7
0.383333 0.413611 0.333333 0.383333 0.345137 0.374755 0.433333 0.45694 0.597339 0.586887 1.43541 1.29281 1.54577 1.62348 1.48333 1.62797 1.71066 
0.413611 0.443888 0.363611 0.413611 0.375414 0.405032 0.463611 0.487218 0.627616 0.617164 1.46569 1.32309 1.57605 1.65375 1.51361 1.65824 1.74094 
0.333333 0.363611 0.283333 0.333333 0.295137 0.324755 0.383333 0.40694 0.547339 0.536887 1.38541 1.24281 1.49577 1.57348 1.43333 1.57797 1.66066 
0.383333 0.413611 0.333333 0.383333 0.345137 0.374755 0.433333 0.45694 0.597339 0.586887 1.43541 1.29281 1.54577 1.62348 1.48333 1.62797 1.71066 
0.345137 0.375414 0.295137 0.345137 0.30694 0.336558 0.395137 0.418744 0.559142 0.54869 1.39722 1.25462 1.50758 1.58528 1.44514 1.58977 1.67247 
0.374755 0.405032 0.324755 0.374755 0.336558 0.366176 0.424755 0.448361 0.58876 0.578308 1.42684 1.28424 1.5372 1.6149 1.47475 1.61939 1.70208 
0.433333 0.463611 0.383333 0.433333 0.395137 0.424755 0.483333 0.50694 0.647339 0.636887 1.48541 1.34281 1.59577 1.67348 1.53333 1.67797 1.76066 
0.45694 0.487218 0.40694 0.45694 0.418744 0.448361 0.50694 0.530547 0.670946 0.660494 1.50902 1.36642 1.61938 1.69708 1.55694 1.70157 1.78427 
0.597339 0.627616 0.547339 0.597339 0.559142 0.58876 0.647339 0.670946 0.811344 0.800892 1.64942 1.50682 1.75978 1.83748 1.69734 1.84197 1.92467 
0.586887 0.617164 0.536887 0.586887 0.54869 0.578308 0.636887 0.660494 0.800892 0.79044 1.63897 1.49637 1.74933 1.82703 1.68689 1.83152 1.91422 
1.43541 1.46569 1.38541 1.43541 1.39722 1.42684 1.48541 1.50902 1.64942 1.63897 2.4875 2.3449 2.59786 2.67556 2.53541 2.68005 2.76274 
1.29281 1.32309 1.24281 1.29281 1.25462 1.28424 1.34281 1.36642 1.50682 1.49637 2.3449 2.2023 2.45525 2.53296 2.39281 2.53745 2.62014 
1.54577 1.57605 1.49577 1.54577 1.50758 1.5372 1.59577 1.61938 1.75978 1.74933 2.59786 2.45525 2.70821 2.78592 2.64577 2.79041 2.8731 
1.62348 1.65375 1.57348 1.62348 1.58528 1.6149 1.67348 1.69708 1.83748 1.82703 2.67556 2.53296 2.78592 2.86362 2.72348 2.86811 2.95081 
1.48333 1.51361 1.43333 1.48333 1.44514 1.47475 1.53333 1.55694 1.69734 1.68689 2.53541 2.39281 2.64577 2.72348 2.58333 2.72797 2.81066 
1.62797 1.65824 1.57797 1.62797 1.58977 1.61939 1.67797 1.70157 1.84197 1.83152 2.68005 2.53745 2.79041 2.86811 2.72797 2.8726 2.95529 
1.71066 1.74094 1.66066 1.71066 1.67247 1.70208 1.76066 1.78427 1.92467 1.91422 2.76274 2.62014 2.8731 2.95081 2.81066 2.95529 3.03799 
8
0.383333 0.413611 0.333333 0.383333 0.345137 0.374755 0.433333 0.45694 0.597339 0.586887 1.43541 1.29281 1.54577 1.62348 1.48333 1.62797 1.71066 
0.413611 0.443888 0.363611 0.413611 0.375414 0.405032 0.463611 0.487218 0.627616 0.617164 1.46569 1.32309 1.57605 1.65375 1.51361 1.65824 1.74094 
0.333333 0.363611 0.283333 0.333333 0.295137 0.324755 0.383333 0.40694 0.547339 0.536887 1.38541 1.24281 1.49577 1.57348 1.43333 1.57797 1.66066 
0.383333 0.413611 0.333333 0.383333 0.345137 0.374755 0.433333 0.45694 0.597339 0.586887 1.43541 1.29281 1.54577 1.62348 1.48333 1.62797 1.71066 
0.345137 0.375414 0.295137 0.345137 0.30694 0.336558 0.395137 0.418744 0.559142 0.54869 1.39722 1.25462 1.50758 1.58528 1.44514 1.58977 1.67247 
0.374755 0.405032 0.324755 0.374755 0.336558 0.366176 0.424755 0.448361 0.58876 0.578308 1.42684 1.28424 1.5372 1.6149 1.47475 1.61939 1.70208 
0.433333 0.463611 0.383333 0.433333 0.395137 0.424755 0.483333 0.50694 0.647339 0.636887 1.48541 1.34281 1.59577 1.67348 1.53333 1.67797 1.76066 
0.45694 0.487218 0.40694 0.45694 0.418744 0.448361 0.50694 0.530547 0.670946 0.660494 1.50902 1.36642 1.61938 1.69708 1.55694 1.70157 1.78427 
0.597339 0.627616 0.547339 0.597339 0.559142 0.58876 0.647339 0.670946 0.811344 0.800892 1.64942 1.50682 1.75978 1.83748 1.69734 1.84197 1.92467 
0.586887 0.617164 0.536887 0.586887 0.54869 0.578308 0.636887 0.660494 0.800892 0.79044 1.63897 1.49637 1.74933 1.82703 1.68689 1.83152 1.91422 
1.43541 1.46569 1.38541 1.43541 1.39722 1.42684 1.48541 1.50902 1.64942 1.63897 2.4875 2.3449 2.59786 2.67556 2.53541 2.68005 2.76274 
1.29281 1.32309 1.24281 1.29281 1.25462 1.28424 1.34281 1.36642 1.50682 1.49637 2.3449 2.2023 2.45525 2.53296 2.39281 2.53745 2.62014 
1.54577 1.57605 1.49577 1.54577 1.50758 1.5372 1.59577 1.61938 1.75978 1.74933 2.59786 2.45525 2.70821 2.78592 2.64577 2.79041 2.8731 
1.62348 1.65375 1.57348 1.62348 1.58528 1.6149 1.67348 1.69708 1.83748 1.82703 2.67556 2.53296 2.78592 2.86362 2.72348 2.86811 2.95081 
1.48333 1.51361 1.43333 1.48333 1.44514 1.47475 1.53333 1.55694 1.69734 1.68689 2.53541 2.39281 2.64577 2.72348 2.58333 2.72797 2.81066 
1.62797 1.65824 1.57797 1.62797 1.58977 1.61939 1.67797 1.70157 1.84197 1.83152 2.68005 2.53745 2.79041 2.86811 2.72797 2.8726 2.95529 
1.71066 1.74094 1.66066 1.71066 1.67247 1.70208 1.76066 1.78427 1.92467 1.91422 2.76274 2.62014 2.8731 2.95081 2.81066 2.95529 3.03799 
9
0.383333 0.413611 0.333333 0.383333 0.345137 0.374755 0.433333 0.45694 0.597339 0.586887 1.43541 1.29281 1.54577 1.62348 1.48333 1.62797 1.71066 
0.413611 0.443888 0.363611 0.413611 0.375414 0.405032 0.463611 0.487218 0.627616 0.617164 1.46569 1.32309 1.57605 1.65375 1.51361 1.65824 1.74094 
0.333333 0.363611 0.283333 0.333333 0.295137 0.324755 0.383333 0.40694 0.547339 0.536887 1.38541 1.24281 1.49577 1.57348 1.43333 1.57797 1.66066 
0.383333 0.413611 0.333333 0.383333 0.345137 0.374755 0.433333 0.45694 0.597339 0.586887 1.43541 1.29281 1.54577 1.62348 1.48333 1.62797 1.71066 
0.345137 0.375414 0.295137 0.345137 0.30694 0.336558 0.395137 0.418744 0.559142 0.54869 1.39722 1.25462 1.50758 1.58528 1.44514 1.58977 1.67247 
0.374755 0.405032 0.324755 0.374755 0.336558 0.366176 0.424755 0.448361 0.58876 0.578308 1.42684 1.28424 1.5372 1.6149 1.47475 1.61939 1.70208 
0.433333 0.463611 0.383333 0.433333 0.395137 0.424755 0.483333 0.50694 0.647339 0.636887 1.48541 1.34281 1.59577 1.67348 1.53333 1.67797 1.76066 
0.45694 0.487218 0.40694 0.45694 0.418744 0.448361 0.50694 0.530547 0.670946 0.660494 1.50902 1.36642 1.61938 1.69708 1.55694 1.70157 1.78427 
0.597339 0.627616 0.547339 0.597339 0.559142 0.58876 0.647339 0.670946 0.811344 0.800892 1.64942 1.50682 1.75978 1.83748 1.69734 1.84197 1.92467 
0.586887 0.617164 0.536887 0.586887 0.54869 0.578308 0.636887 0.660494 0.800892 0.79044 1.63897 1.49637 1.74933 1.82703 1.68689 1.83152 1.91422 
1.43541 1.46569 1.38541 1.43541 1.39722 1.42684 1.48541 1.50902 1.64942 1.63897 2.4875 2.3449 2.59786 2.67556 2.53541 2.68005 2.76274 
1.29281 1.32309 1.24281 1.29281 1.25462 1.28424 1.34281 1.36642 1.50682 1.49637 2.3449 2.2023 2.45525 2.53296 2.39281 2.53745 2.62014 
1.54577 1.57605 1.49577 1.54577 1.50758 1.5372 1.59577 1.61938 1.75978 1.74933 2.59786 2.45525 2.70821 2.78592 2.64577 2.79041 2.8731 
1.62348 1.65375 1.57348 1.62348 1.58528 1.6149 1.67348 1.69708 1.83748 1.82703 2.67556 2.53296 2.78592 2.86362 2.72348 2.86811 2.95081 
1.48333 1.51361 1.43333 1.48333 1.44514 1.47475 1.53333 1.55694 1.69734 1.68689 2.53541 2.39281 2.64577 2.72348 2.58333 2.72797 2.81066 
1.62797 1.65824 1.57797 1.62797 1.58977 1.61939 1.67797 1.70157 1.84197 1.83152 2.68005 2.53745 2.79041 2.86811 2.72797 2.8726 2.95529 
1.71066 1.74094 1.66066 1.71066 1.67247 1.70208 1.76066 1.78427 1.92467 1.91422 2.76274 2.62014 2.8731 2.95081 2.81066 2.95529 3.03799 
10
0.383333 0.413611 0.333333 0.383333 0.345137 0.374755 0.433333 0.45694 0.597339 0.586887 1.43541 1.29281 1.54577 1.62348 1.48333 1.62797 1.71066 
0.413611 0.443888 0.363611 0.413611 0.375414 0.405032 0.463611 0.487218 0.627616 0.617164 1.46569 1.32309 1.57605 1.65375 1.51361 1.65824 1.74094 
0.333333 0.363611 0.283333 0.333333 0.295137 0.324755 0.383333 0.40694 0.547339 0.536887 1.38541 1.24281 1.49577 1.57348 1.43333 1.57797 1.66066 
0.383333 0.413611 0.333333 0.383333 0.345137 0.374755 0.433333 0.45694 0.597339 0.586887 1.43541 1.29281 1.54577 1.62348 1.48333 1.62797 1.71066 
0.345137 0.375414 0.295137 0.345137 0.30694 0.336558 0.395137 0.418744 0.559142 0.54869 1.39722 1.25462 1.50758 1.58528 1.44514 1.58977 1.67247 
0.374755 0.405032 0.324755 0.374755 0.336558 0.366176 0.424755 0.448361 0.58876 0.578308 1.42684 1.28424 1.5372 1.6149 1.47475 1.61939 1.70208 
0.433333 0.463611 0.383333 0.433333 0.395137 0.424755 0.483333 0.50694 0.647339 0.636887 1.48541 1.34281 1.59577 1.67348 1.53333 1.67797 1.76066 
0.45694 0.487218 0.40694 0.45694 0.418744 0.448361 0.50694 0.530547 0.670946 0.660494 1.50902 1.36642 1.61938 1.69708 1.55694 1.70157 1.78427 
0.597339 0.627616 0.547339 0.597339 0.559142 0.58876 0.647339 0.670946 0.811344 0.800892 1.64942 1.50682 1.75978 1.83748 1.69734 1.84197 1.92467 
0.586887 0.617164 0.536887 0.586887 0.54869 0.578308 0.636887 0.660494 0.800892 0.79044 1.63897 1.49637 1.74933 1.82703 1.68689 1.83152 1.91422 
1.43541 1.46569 1.38541 1.43541 1.39722 1.42684 1.48541 1.50902 1.64942 1.63897 2.4875 2.3449 2.59786 2.67556 2.53541 2.68005 2.76274 
1.29281 1.32309 1.24281 1.29281 1.25462 1.28424 1.34281 1.36642 1.50682 1.49637 2.3449 2.2023 2.45525 2.53296 2.39281 2.53745 2.62014 
1.54577 1.57605 1.49577 1.54577 1.50758 1.5372 1.59577 1.61938 1.75978 1.74933 2.59786 2.45525 2.70821 2.78592 2.64577 2.79041 2.8731 
1.62348 1.65375 1.57348 1.62348 1.58528 1.6149 1.67348 1.69708 1.83748 1.82703 2.67556 2.53296 2.78592 2.86362 2.72348 2.86811 2.95081 
1.48333 1.51361 1.43333 1.48333 1.44514 1.47475 1.53333 1.55694 1.69734 1.68689 2.53541 2.39281 2.64577 2.72348 2.58333 2.72797 2.81066 
1.62797 1.65824 1.57797 1.62797 1.58977 1.61939 1.67797 1.70157 1.84197 1.83152 2.68005 2.53745 2.79041 2.86811 2.72797 2.8726 2.95529 
1.71066 1.74094 1.66066 1.71066 1.67247 1.70208 1.76066 1.78427 1.92467 1.91422 2.76274 2.62014 2.8731 2.95081 2.81066 2.95529 3.03799 
11
2.85642 2.81617 2.77372 2.80123 2.61115 2.69053 2.55154 2.49944 2.49579 2.39993 1.82343 1.73913 1.73913 1.71988 1.73913 1.82343 1.71988 
2.81617 2.77592 2.73347 2.76098 2.5709 2.65028 2.51129 2.45919 2.45554 2.35968 1.78318 1.69888 1.69888 1.67962 1.69888 1.78318 1.67962 
2.77372 2.73347 2.69101 2.71853 2.52845 2.60783 2.46884 2.41674 2.41309 2.31723 1.74073 1.65643 1.65643 1.63717 1.65643 1.74073 1.63717 
2.80123 2.76098 2.71853 2.74604 2.55596 2.63534 2.49635 2.44425 2.4406 2.34474 1.76824 1.68394 1.68394 1.66469 1.68394 1.76824 1.66469 
2.61115 2.5709 2.52845 2.55596 2.36588 2.44526 2.30627 2.25417 2.25052 2.15466 1.57816 1.49386 1.49386 1.4746 1.49386 1.57816 1.4746 
2.69053 2.65028 2.60783 2.63534 2.44526 2.52464 2.38565 2.33355 2.3299 2.23404 1.65754 1.57325 1.57325 1.55399 1.57325 1.65754 1.55399 
2.55154 2.51129 2.46884 2.49635 2.30627 2.38565 2.24666 2.19456 2.19091 2.09505 1.51855 1.43426 1.43426 1.415 1.43426 1.51855 1.415 
2.49944 2.45919 2.41674 2.44425 2.25417 2.33355 2.19456 2.14246 2.13881 2.04295 1.46645 1.38215 1.38215 1.3629 1.38215 1.46645 1.3629 
2.49579 2.45554 2.41309 2.4406 2.25052 2.3299 2.19091 2.13881 2.13516 2.0393 1.4628 1.37851 1.37851 1.35925 1.37851 1.4628 1.35925 
2.39993 2.35968 2.31723 2.34474 2.15466 2.23404 2.09505 2.04295 2.0393 1.94344 1.36694 1.28265 1.28265 1.26339 1.28265 1.36694 1.26339 
1.82343 1.78318 1.74073 1.76824 1.57816 1.65754 1.51855 1.46645 1.4628 1.36694 0.79044 0.706145 0.706145 0.686887 0.706145 0.79044 0.686887 
1.73913 1.69888 1.65643 1.68394 1.49386 1.57325 1.43426 1.38215 1.37851 1.28265 0.706145 0.62185 0.62185 0.602592 0.62185 0.706145 0.602592 
1.73913 1.69888 1.65643 1.68394 1.49386 1.57325 1.43426 1.38215 1.37851 1.28265 0.706145 0.62185 0.62185 0.602592 0.62185 0.706145 0.602592 
1.71988 1.67962 1.63717 1.66469 1.4746 1.55399 1.415 1.3629 1.35925 1.26339 0.686887 0.602592 0.602592 0.583333 0.602592 0.686887 0.583333 
1.73913 1.69888 1.65643 1.68394 1.49386 1.57325 1.43426 1.38215 1.37851 1.28265 0.706145 0.62185 0.62185 0.602592 0.62185 0.706145 0.602592 
1.82343 1.78318 1.74073 1.76824 1.57816 1.65754 1.51855 1.46645 1.4628 1.36694 0.79044 0.706145 0.706145 0.686887 0.706145 0.79044 0.686887 
1.71988 1.67962 1.63717 1.66469 1.4746 1.55399 1.415 1.3629 1.35925 1.26339 0.686887 0.602592 0.602592 0.583333 0.602592 0.686887 0.583333 
12
2.85642 2.81617 2.77372 2.80123 2.61115 2.69053 2.55154 2.49944 2.49579 2.39993 1.82343 1.73913 1.73913 1.71988 1.73913 1.82343 1.71988 
2.81617 2.77592 2.73347 2.76098 2.5709 2.65028 2.51129 2.45919 2.45554 2.35968 1.78318 1.69888 1.69888 1.67962 1.69888 1.78318 1.67962 
2.77372 2.73347 2.69101 2.71853 2.52845 2.60783 2.46884 2.41674 2.41309 2.31723 1.74073 1.65643 1.65643 1.63717 1.65643 1.74073 1.63717 
2.80123 2.76098 2.71853 2.74604 2.55596 2.63534 2.49635 2.44425 2.4406 2.34474 1.76824 1.68394 1.68394 1.66469 1.68394 1.76824 1.66469 
2.61115 2.5709 2.52845 2.55596 2.36588 2.44526 2.30627 2.25417 2.25052 2.15466 1.57816 1.49386 1.49386 1.4746 1.49386 1.57816 1.4746 
2.69053 2.65028 2.60783 2.63534 2.44526 2.52464 2.38565 2.33355 2.3299 2.23404 1.65754 1.57325 1.57325 1.55399 1.57325 1.65754 1.55399 
2.55154 2.51129 2.46884 2.49635 2.30627 2.38565 2.24666 2.19456 2.19091 2.09505 1.51855 1.43426 1.43426 1.415 1.43426 1.51855 1.415 
2.49944 2.45919 2.41674 2.44425 2.25417 2.33355 2.19456 2.14246 2.13881 2.04295 1.46645 1.38215 1.38215 1.3629 1.38215 1.46645 1.3629 
2.49579 2.45554 2.41309 2.4406 2.25052 2.3299 2.19091 2.13881 2.13516 2.0393 1.4628 1.37851 1.37851 1.35925 1.37851 1.4628 1.35925 
2.39993 2.35968 2.31723 2.34474 2.15466 2.23404 2.09505 2.04295 2.0393 1.94344 1.36694 1.28265 1.28265 1.26339 1.28265 1.36694 1.26339 
1.82343 1.78318 1.74073 1.76824 1.57816 1.65754 1.51855 1.46645 1.4628 1.36694 0.79044 0.706145 0.706145 0.686887 0.706145 0.79044 0.686887 
1.73913 1.69888 1.65643 1.68394 1.49386 1.57325 1.43426 1.38215 1.37851 1.28265 0.706145 0.62185 0.62185 0.602592 0.62185 0.706145 0.602592 
1.73913 1.69888 1.65643 1.68394 1.49386 1.57325 1.43426 1.38215 1.37851 1.28265 0.706145 0.62185 0.62185 0.602592 0.62185 0.706145 0.602592 
1.71988 1.67962 1.63717 1.66469 1.4746 1.55399 1.415 1.3629 1.35925 1.26339 0.686887 0.602592 0.602592 0.583333 0.602592 0.686887 0.583333 
1.73913 1.69888 1.65643 1.68394 1.49386 1.57325 1.43426 1.38215 1.37851 1.28265 0.706145 0.62185 0.62185 0.602592 0.62185 0.706145 0.602592 
1.82343 1.78318 1.74073 1.76824 1.57816 1.65754 1.51855 1.46645 1.4628 1.36694 0.79044 0.706145 0.706145 0.686887 0.706145 0.79044 0.686887 
1.71988 1.67962 1.63717 1.66469 1.4746 1.55399 1.415 1.3629 1.35925 1.26339 0.686887 0.602592 0.602592 0.583333 0.602592 0.686887 0.583333 
13
2.85642 2.81617 2.77372 2.80123 2.61115 2.69053 2.55154 2.49944 2.49579 2.39993 1.82343 1.73913 1.73913 1.71988 1.73913 1.82343 1.71988 
2.81617 2.77592 2.73347 2.76098 2.5709 2.65028 2.51129 2.45919 2.45554 2.35968 1.78318 1.69888 1.69888 1.67962 1.69888 1.78318 1.67962 
2.77372 2.73347 2.69101 2.71853 2.52845 2.60783 2.46884 2.41674 2.41309 2.31723 1.74073 1.65643 1.65643 1.63717 1.65643 1.74073 1.63717 
2.80123 2.76098 2.71853 2.74604 2.55596 2.63534 2.49635 2.44425 2.4406 2.34474 1.76824 1.68394 1.68394 1.66469 1.68394 1.76824 1.66469 
