Cx
2
8
20
20
10 1 2 3 4 5 6 7 8 9 10
10 11 12 13 14 15 16 17 18 19 20
3 1 2 3
5 1 2 3 4 5
4 1 2 3 4
2 1 2
4 1 2 3 4
1 1
1 1
2 1 2
0.15 0.180278 0.1 1.31244 1.39014 1.20208 1.05948 0.223607 
1.38654 1.34629 1.30384 0.269258 0.25 0.353553 0.269258 1.02956 
0.15 1.38654 
0.180278 1.34629 
0.1 1.30384 
1.31244 0.269258 
1.39014 0.25 
1.20208 0.353553 
1.05948 0.269258 
0.223607 1.02956 
1
3 0.166667 0.166667 0.166667
5 0.166667 0.166667 0.166667 0.166667 0.166667
4 0.166667 0.166667 0.166667 0.166667
2 0.166667 0.166667
4 0.166667 0.166667 0.166667 0.166667
1 0.166667
1 0.166667
2 0.166667 0.166667
2
3 0.166667 0.166667 0.166667
5 0.166667 0.166667 0.166667 0.166667 0.166667
4 0.166667 0.166667 0.166667 0.166667
2 0.166667 0.166667
4 0.166667 0.166667 0.166667 0.166667
1 0.166667
1 0.166667
2 0.166667 0.166667
3
3 0.166667 0.166667 0.166667
5 0.166667 0.166667 0.166667 0.166667 0.166667
4 0.166667 0.166667 0.166667 0.166667
2 0.166667 0.166667
4 0.166667 0.166667 0.166667 0.166667
1 0.166667
1 0.166667
2 0.166667 0.166667
4
3 0.166667 0.166667 0.166667
5 0.166667 0.166667 0.166667 0.166667 0.166667
4 0.166667 0.166667 0.166667 0.166667
2 0.166667 0.166667
4 0.166667 0.166667 0.166667 0.166667
1 0.166667
1 0.166667
2 0.166667 0.166667
5
3 0.166667 0.166667 0.166667
5 0.166667 0.166667 0.166667 0.166667 0.166667
4 0.166667 0.166667 0.166667 0.166667
2 0.166667 0.166667
4 0.166667 0.166667 0.166667 0.166667
1 0.166667
1 0.166667
2 0.166667 0.166667
6
3 0.166667 0.166667 0.166667
5 0.166667 0.166667 0.166667 0.166667 0.166667
4 0.166667 0.166667 0.166667 0.166667
2 0.166667 0.166667
4 0.166667 0.166667 0.166667 0.166667
1 0.166667
1 0.166667
2 0.166667 0.166667
7
3 0.166667 0.166667 0.166667
5 0.166667 0.166667 0.166667 0.166667 0.166667
4 0.166667 0.166667 0.166667 0.166667
2 0.166667 0.166667
4 0.166667 0.166667 0.166667 0.166667
1 0.166667
1 0.166667
2 0.166667 0.166667
8
3 0.166667 0.166667 0.166667
5 0.166667 0.166667 0.166667 0.166667 0.166667
4 0.166667 0.166667 0.166667 0.166667
2 0.166667 0.166667
4 0.166667 0.166667 0.166667 0.166667
1 0.166667
1 0.166667
2 0.166667 0.166667
9
3 0.166667 0.166667 0.166667
5 0.166667 0.166667 0.166667 0.166667 0.166667
4 0.166667 0.166667 0.166667 0.166667
2 0.166667 0.166667
4 0.166667 0.166667 0.166667 0.166667
1 0.166667
1 0.166667
2 0.166667 0.166667
10
3 0.166667 0.166667 0.166667
5 0.166667 0.166667 0.166667 0.166667 0.166667
4 0.166667 0.166667 0.166667 0.166667
2 0.166667 0.166667
4 0.166667 0.166667 0.166667 0.166667
1 0.166667
1 0.166667
2 0.166667 0.166667
11
3 0.166667 0.166667 0.166667
5 0.166667 0.166667 0.166667 0.166667 0.166667
4 0.166667 0.166667 0.166667 0.166667
2 0.166667 0.166667
4 0.166667 0.166667 0.166667 0.166667
1 0.166667
1 0.166667
2 0.166667 0.166667
12
3 0.166667 0.166667 0.166667
5 0.166667 0.166667 0.166667 0.166667 0.166667
4 0.166667 0.166667 0.166667 0.166667
2 0.166667 0.166667
4 0.166667 0.166667 0.166667 0.166667
1 0.166667
1 0.166667
2 0.166667 0.166667
13
3 0.166667 0.166667 0.166667
5 0.166667 0.166667 0.166667 0.166667 0.166667
4 0.166667 0.166667 0.166667 0.166667
2 0.166667 0.166667
4 0.166667 0.166667 0.166667 0.166667
1 0.166667
1 0.166667
2 0.166667 0.166667
14
3 0.166667 0.166667 0.166667
5 0.166667 0.166667 0.166667 0.166667 0.166667
4 0.166667 0.166667 0.166667 0.166667
2 0.166667 0.166667
4 0.166667 0.166667 0.166667 0.166667
1 0.166667
1 0.166667
2 0.166667 0.166667
15
3 0.166667 0.166667 0.166667
5 0.166667 0.166667 0.166667 0.166667 0.166667
4 0.166667 0.166667 0.166667 0.166667
2 0.166667 0.166667
4 0.166667 0.166667 0.166667 0.166667
1 0.166667
1 0.166667
2 0.166667 0.166667
16
3 0.166667 0.166667 0.166667
5 0.166667 0.166667 0.166667 0.166667 0.166667
4 0.166667 0.166667 0.166667 0.166667
2 0.166667 0.166667
4 0.166667 0.166667 0.166667 0.166667
1 0.166667
1 0.166667
2 0.166667 0.166667
17
3 0.166667 0.166667 0.166667
5 0.166667 0.166667 0.166667 0.166667 0.166667
4 0.166667 0.166667 0.166667 0.166667
2 0.166667 0.166667
4 0.166667 0.166667 0.166667 0.166667
1 0.166667
1 0.166667
2 0.166667 0.166667
18
3 0.166667 0.166667 0.166667
5 0.166667 0.166667 0.166667 0.166667 0.166667
4 0.166667 0.166667 0.166667 0.166667
2 0.166667 0.166667
4 0.166667 0.166667 0.166667 0.166667
1 0.166667
1 0.166667
2 0.166667 0.166667
19
3 0.166667 0.166667 0.166667
5 0.166667 0.166667 0.166667 0.166667 0.166667
4 0.166667 0.166667 0.166667 0.166667
2 0.166667 0.166667
4 0.166667 0.166667 0.166667 0.166667
1 0.166667
1 0.166667
2 0.166667 0.166667
20
3 0.166667 0.166667 0.166667
5 0.166667 0.166667 0.166667 0.166667 0.166667
4 0.166667 0.166667 0.166667 0.166667
2 0.166667 0.166667
4 0.166667 0.166667 0.166667 0.166667
1 0.166667
1 0.166667
2 0.166667 0.166667
0.166667 0.166667 0.166667 0.166667 0.166667 0.166667 0.166667 0.166667 
1
0.383333 0.413611 0.333333 1.54577 1.62348 1.43541 1.29281 0.45694 
0.413611 0.443888 0.363611 1.57605 1.65375 1.46569 1.32309 0.487218 
0.333333 0.363611 0.283333 1.49577 1.57348 1.38541 1.24281 0.40694 
1.54577 1.57605 1.49577 2.70821 2.78592 2.59786 2.45525 1.61938 
1.62348 1.65375 1.57348 2.78592 2.86362 2.67556 2.53296 1.69708 
1.43541 1.46569 1.38541 2.59786 2.67556 2.4875 2.3449 1.50902 
1.29281 1.32309 1.24281 2.45525 2.53296 2.3449 2.2023 1.36642 
0.45694 0.487218 0.40694 1.61938 1.69708 1.50902 1.36642 0.530547 
2
0.383333 0.413611 0.333333 1.54577 1.62348 1.43541 1.29281 0.45694 
0.413611 0.443888 0.363611 1.57605 1.65375 1.46569 1.32309 0.487218 
0.333333 0.363611 0.283333 1.49577 1.57348 1.38541 1.24281 0.40694 
1.54577 1.57605 1.49577 2.70821 2.78592 2.59786 2.45525 1.61938 
1.62348 1.65375 1.57348 2.78592 2.86362 2.67556 2.53296 1.69708 
1.43541 1.46569 1.38541 2.59786 2.67556 2.4875 2.3449 1.50902 
1.29281 1.32309 1.24281 2.45525 2.53296 2.3449 2.2023 1.36642 
0.45694 0.487218 0.40694 1.61938 1.69708 1.50902 1.36642 0.530547 
3
0.383333 0.413611 0.333333 1.54577 1.62348 1.43541 1.29281 0.45694 
0.413611 0.443888 0.363611 1.57605 1.65375 1.46569 1.32309 0.487218 
0.333333 0.363611 0.283333 1.49577 1.57348 1.38541 1.24281 0.40694 
1.54577 1.57605 1.49577 2.70821 2.78592 2.59786 2.45525 1.61938 
1.62348 1.65375 1.57348 2.78592 2.86362 2.67556 2.53296 1.69708 
1.43541 1.46569 1.38541 2.59786 2.67556 2.4875 2.3449 1.50902 
1.29281 1.32309 1.24281 2.45525 2.53296 2.3449 2.2023 1.36642 
0.45694 0.487218 0.40694 1.61938 1.69708 1.50902 1.36642 0.530547 
4
0.383333 0.413611 0.333333 1.54577 1.62348 1.43541 1.29281 0.45694 
0.413611 0.443888 0.363611 1.57605 1.65375 1.46569 1.32309 0.487218 
0.333333 0.363611 0.283333 1.49577 1.57348 1.38541 1.24281 0.40694 
1.54577 1.57605 1.49577 2.70821 2.78592 2.59786 2.45525 1.61938 
1.62348 1.65375 1.57348 2.78592 2.86362 2.67556 2.53296 1.69708 
1.43541 1.46569 1.38541 2.59786 2.67556 2.4875 2.3449 1.50902 
1.29281 1.32309 1.24281 2.45525 2.53296 2.3449 2.2023 1.36642 
0.45694 0.487218 0.40694 1.61938 1.69708 1.50902 1.36642 0.530547 
5
0.383333 0.413611 0.333333 1.54577 1.62348 1.43541 1.29281 0.45694 
0.413611 0.443888 0.363611 1.57605 1.65375 1.46569 1.32309 0.487218 
0.333333 0.363611 0.283333 1.49577 1.57348 1.38541 1.24281 0.40694 
1.54577 1.57605 1.49577 2.70821 2.78592 2.59786 2.45525 1.61938 
1.62348 1.65375 1.57348 2.78592 2.86362 2.67556 2.53296 1.69708 
1.43541 1.46569 1.38541 2.59786 2.67556 2.4875 2.3449 1.50902 
1.29281 1.32309 1.24281 2.45525 2.53296 2.3449 2.2023 1.36642 
0.45694 0.487218 0.40694 1.61938 1.69708 1.50902 1.36642 0.530547 
6
0.383333 0.413611 0.333333 1.54577 1.62348 1.43541 1.29281 0.45694 
0.413611 0.443888 0.363611 1.57605 1.65375 1.46569 1.32309 0.487218 
0.333333 0.363611 0.283333 1.49577 1.57348 1.38541 1.24281 0.40694 
1.54577 1.57605 1.49577 2.70821 2.78592 2.59786 2.45525 1.61938 
1.62348 1.65375 1.57348 2.78592 2.86362 2.67556 2.53296 1.69708 
1.43541 1.46569 1.38541 2.59786 2.67556 2.4875 2.3449 1.50902 
1.29281 1.32309 1.24281 2.45525 2.53296 2.3449 2.2023 1.36642 
0.45694 0.487218 0.40694 1.61938 1.69708 1.50902 1.36642 0.530547 
7
0.383333 0.413611 0.333333 1.54577 1.62348 1.43541 1.29281 0.45694 
0.413611 0.443888 0.363611 1.57605 1.65375 1.46569 1.32309 0.487218 
0.333333 0.363611 0.283333 1.49577 1.57348 1.38541 1.24281 0.40694 
1.54577 1.57605 1.49577 2.70821 2.78592 2.59786 2.45525 1.61938 
1.62348 1.65375 1.57348 2.78592 2.86362 2.67556 2.53296 1.69708 
1.43541 1.46569 1.38541 2.59786 2.67556 2.4875 2.3449 1.50902 
1.29281 1.32309 1.24281 2.45525 2.53296 2.3449 2.2023 1.36642 
0.45694 0.487218 0.40694 1.61938 1.69708 1.50902 1.36642 0.530547 
8
0.383333 0.413611 0.333333 1.54577 1.62348 1.43541 1.29281 0.45694 
0.413611 0.443888 0.363611 1.57605 1.65375 1.46569 1.32309 0.487218 
0.333333 0.363611 0.283333 1.49577 1.57348 1.38541 1.24281 0.40694 
1.54577 1.57605 1.49577 2.70821 2.78592 2.59786 2.45525 1.61938 
1.62348 1.65375 1.57348 2.78592 2.86362 2.67556 2.53296 1.69708 
1.43541 1.46569 1.38541 2.59786 2.67556 2.4875 2.3449 1.50902 
1.29281 1.32309 1.24281 2.45525 2.53296 2.3449 2.2023 1.36642 
0.45694 0.487218 0.40694 1.61938 1.69708 1.50902 1.36642 0.530547 
9
0.383333 0.413611 0.333333 1.54577 1.62348 1.43541 1.29281 0.45694 
0.413611 0.443888 0.363611 1.57605 1.65375 1.46569 1.32309 0.487218 
0.333333 0.363611 0.283333 1.49577 1.57348 1.38541 1.24281 0.40694 
1.54577 1.57605 1.49577 2.70821 2.78592 2.59786 2.45525 1.61938 
1.62348 1.65375 1.57348 2.78592 2.86362 2.67556 2.53296 1.69708 
1.43541 1.46569 1.38541 2.59786 2.67556 2.4875 2.3449 1.50902 
1.29281 1.32309 1.24281 2.45525 2.53296 2.3449 2.2023 1.36642 
0.45694 0.487218 0.40694 1.61938 1.69708 1.50902 1.36642 0.530547 
10
0.383333 0.413611 0.333333 1.54577 1.62348 1.43541 1.29281 0.45694 
0.413611 0.443888 0.363611 1.57605 1.65375 1.46569 1.32309 0.487218 
0.333333 0.363611 0.283333 1.49577 1.57348 1.38541 1.24281 0.40694 
1.54577 1.57605 1.49577 2.70821 2.78592 2.59786 2.45525 1.61938 
1.62348 1.65375 1.57348 2.78592 2.86362 2.67556 2.53296 1.69708 
1.43541 1.46569 1.38541 2.59786 2.67556 2.4875 2.3449 1.50902 
1.29281 1.32309 1.24281 2.45525 2.53296 2.3449 2.2023 1.36642 
0.45694 0.487218 0.40694 1.61938 1.69708 1.50902 1.36642 0.530547 
11
2.85642 2.81617 2.77372 1.73913 1.71988 1.82343 1.73913 2.49944 
2.81617 2.77592 2.73347 1.69888 1.67962 1.78318 1.69888 2.45919 
2.77372 2.73347 2.69101 1.65643 1.63717 1.74073 1.65643 2.41674 
1.73913 1.69888 1.65643 0.62185 0.602592 0.706145 0.62185 1.38215 
1.71988 1.67962 1.63717 0.602592 0.583333 0.686887 0.602592 1.3629 
1.82343 1.78318 1.74073 0.706145 0.686887 0.79044 0.706145 1.46645 
1.73913 1.69888 1.65643 0.62185 0.602592 0.706145 0.62185 1.38215 
2.49944 2.45919 2.41674 1.38215 1.3629 1.46645 1.38215 2.14246 
12
2.85642 2.81617 2.77372 1.73913 1.71988 1.82343 1.73913 2.49944 
2.81617 2.77592 2.73347 1.69888 1.67962 1.78318 1.69888 2.45919 
2.77372 2.73347 2.69101 1.65643 1.63717 1.74073 1.65643 2.41674 
1.73913 1.69888 1.65643 0.62185 0.602592 0.706145 0.62185 1.38215 
1.71988 1.67962 1.63717 0.602592 0.583333 0.686887 0.602592 1.3629 
1.82343 1.78318 1.74073 0.706145 0.686887 0.79044 0.706145 1.46645 
1.73913 1.69888 1.65643 0.62185 0.602592 0.706145 0.62185 1.38215 
2.49944 2.45919 2.41674 1.38215 1.3629 1.46645 1.38215 2.14246 
13
2.85642 2.81617 2.77372 1.73913 1.71988 1.82343 1.73913 2.49944 
2.81617 2.77592 2.73347 1.69888 1.67962 1.78318 1.69888 2.45919 
2.77372 2.73347 2.69101 1.65643 1.63717 1.74073 1.65643 2.41674 
1.73913 1.69888 1.65643 0.62185 0.602592 0.706145 0.62185 1.38215 
1.71988 1.67962 1.63717 0.602592 0.583333 0.686887 0.602592 1.3629 
1.82343 1.78318 1.74073 0.706145 0.686887 0.79044 0.706145 1.46645 
1.73913 1.69888 1.65643 0.62185 0.602592 0.706145 0.62185 1.38215 
2.49944 2.45919 2.41674 1.38215 1.3629 1.46645 1.38215 2.14246 
14
2.85642 2.81617 2.77372 1.73913 1.71988 1.82343 1.73913 2.49944 
2.81617 2.77592 2.73347 1.69888 1.67962 1.78318 1.69888 2.45919 
2.77372 2.73347 2.69101 1.65643 1.63717 1.74073 1.65643 2.41674 
1.73913 1.69888 1.65643 0.62185 0.602592 0.706145 0.62185 1.38215 
1.71988 1.67962 1.63717 0.602592 0.583333 0.686887 0.602592 1.3629 
1.82343 1.78318 1.74073 0.706145 0.686887 0.79044 0.706145 1.46645 
1.73913 1.69888 1.65643 0.62185 0.602592 0.706145 0.62185 1.38215 
2.49944 2.45919 2.41674 1.38215 1.3629 1.46645 1.38215 2.14246 
15
2.85642 2.81617 2.77372 1.73913 1.71988 1.82343 1.73913 2.49944 
2.81617 2.77592 2.73347 1.69888 1.67962 1.78318 1.69888 2.45919 
2.77372 2.73347 2.69101 1.65643 1.63717 1.74073 1.65643 2.41674 
1.73913 1.69888 1.65643 0.62185 0.602592 0.706145 0.62185 1.38215 
1.71988 1.67962 1.63717 0.602592 0.583333 0.686887 0.602592 1.3629 
1.82343 1.78318 1.74073 0.706145 0.686887 0.79044 0.706145 1.46645 
1.73913 1.69888 1.65643 0.62185 0.602592 0.706145 0.62185 1.38215 
2.49944 2.45919 2.41674 1.38215 1.3629 1.46645 1.38215 2.14246 
16
2.85642 2.81617 2.77372 1.73913 1.71988 1.82343 1.73913 2.49944 
2.81617 2.77592 2.73347 1.69888 1.67962 1.78318 1.69888 2.45919 
2.77372 2.73347 2.69101 1.65643 1.63717 1.74073 1.65643 2.41674 
1.73913 1.69888 1.65643 0.62185 0.602592 0.706145 0.62185 1.38215 
1.71988 1.67962 1.63717 0.602592 0.583333 0.686887 0.602592 1.3629 
1.82343 1.78318 1.74073 0.706145 0.686887 0.79044 0.706145 1.46645 
1.73913 1.69888 1.65643 0.62185 0.602592 0.706145 0.62185 1.38215 
2.49944 2.45919 2.41674 1.38215 1.3629 1.46645 1.38215 2.14246 
17
2.85642 2.81617 2.77372 1.73913 1.71988 1.82343 1.73913 2.49944 
2.81617 2.77592 2.73347 1.69888 1.67962 1.78318 1.69888 2.45919 
2.77372 2.73347 2.69101 1.65643 1.63717 1.74073 1.65643 2.41674 
1.73913 1.69888 1.65643 0.62185 0.602592 0.706145 0.62185 1.38215 
1.71988 1.67962 1.63717 0.602592 0.583333 0.686887 0.602592 1.3629 
1.82343 1.78318 1.74073 0.706145 0.686887 0.79044 0.706145 1.46645 
1.73913 1.69888 1.65643 0.62185 0.602592 0.706145 0.62185 1.38215 
2.49944 2.45919 2.41674 1.38215 1.3629 1.46645 1.38215 2.14246 
18
2.85642 2.81617 2.77372 1.73913 1.71988 1.82343 1.73913 2.49944 
2.81617 2.77592 2.73347 1.69888 1.67962 1.78318 1.69888 2.45919 
2.77372 2.73347 2.69101 1.65643 1.63717 1.74073 1.65643 2.41674 
1.73913 1.69888 1.65643 0.62185 0.602592 0.706145 0.62185 1.38215 
1.71988 1.67962 1.63717 0.602592 0.583333 0.686887 0.602592 1.3629 
1.82343 1.78318 1.74073 0.706145 0.686887 0.79044 0.706145 1.46645 
1.73913 1.69888 1.65643 0.62185 0.602592 0.706145 0.62185 1.38215 
2.49944 2.45919 2.41674 1.38215 1.3629 1.46645 1.38215 2.14246 
19
2.85642 2.81617 2.77372 1.73913 1.71988 1.82343 1.73913 2.49944 
2.81617 2.77592 2.73347 1.69888 1.67962 1.78318 1.69888 2.45919 
2.77372 2.73347 2.69101 1.65643 1.63717 1.74073 1.65643 2.41674 
1.73913 1.69888 1.65643 0.62185 0.602592 0.706145 0.62185 1.38215 
1.71988 1.67962 1.63717 0.602592 0.583333 0.686887 0.602592 1.3629 
1.82343 1.78318 1.74073 0.706145 0.686887 0.79044 0.706145 1.46645 
1.73913 1.69888 1.65643 0.62185 0.602592 0.706145 0.62185 1.38215 
2.49944 2.45919 2.41674 1.38215 1.3629 1.46645 1.38215 2.14246 
20
2.85642 2.81617 2.77372 1.73913 1.71988 1.82343 1.73913 2.49944 
2.81617 2.77592 2.73347 1.69888 1.67962 1.78318 1.69888 2.45919 
2.77372 2.73347 2.69101 1.65643 1.63717 1.74073 1.65643 2.41674 
1.73913 1.69888 1.65643 0.62185 0.602592 0.706145 0.62185 1.38215 
1.71988 1.67962 1.63717 0.602592 0.583333 0.686887 0.602592 1.3629 
1.82343 1.78318 1.74073 0.706145 0.686887 0.79044 0.706145 1.46645 
1.73913 1.69888 1.65643 0.62185 0.602592 0.706145 0.62185 1.38215 
2.49944 2.45919 2.41674 1.38215 1.3629 1.46645 1.38215 2.14246 
8 8.5 8 10 9 10 10 11 
8.5 10 8.5 11 11 11 10.5 12 
7 7 
18 18 
